test_SED.txt
# %ECSV 0.9
# ---
# datatype:
# - {name: nu, unit: Hz, datatype: float64}
# - {name: Sum, unit: erg / s, datatype: float64}
# - {name: Sync, unit: erg / s, datatype: float64}
# - {name: SSC, unit: erg / s, datatype: float64}
# meta: {redshift: 0.1, restframe: src, src_name: jet_leptonic}
# schema: astropy-2.0
nu Sum Sync SSC
1100000.0 2.7011840560827467e-65 2.7011840560827467e-65 2.7011840560827467e-65
1228821.7155553068 2.7011840560827467e-65 2.7011840560827467e-65 2.7011840560827467e-65
1372729.8260184426 2.7011840560827467e-65 2.7011840560827467e-65 2.7011840560827467e-65
1533491.1089108365 2.7011840560827467e-65 2.7011840560827467e-65 2.7011840560827467e-65
1713079.2502187488 2.7011840560827467e-65 2.7011840560827467e-65 2.7011840560827467e-65
1913699.0755781827 2.7011840560827467e-65 2.7011840560827467e-65 2.7011840560827467e-65
2137813.6191896247 2.7011840560827467e-65 2.7011840560827467e-65 2.7011840560827467e-65
2388174.362790994 2.7011840560827467e-65 2.7011840560827467e-65 2.7011840560827467e-65
2667855.015936391 2.7011840560827467e-65 2.7011840560827467e-65 2.7011840560827467e-65
2980289.252305254 2.7011840560827467e-65 2.7011840560827467e-65 2.7011840560827467e-65
3329312.865335258 2.7011840560827467e-65 2.7011840560827467e-65 2.7011840560827467e-65
3719210.8607287505 2.7011840560827467e-65 2.7011840560827467e-65 2.7011840560827467e-65
4154770.0639933012 2.7011840560827467e-65 2.7011840560827467e-65 2.7011840560827467e-65
4641337.888885527 2.7011840560827467e-65 2.7011840560827467e-65 2.7011840560827467e-65
5184887.988265598 2.7011840560827467e-65 2.7011840560827467e-65 2.7011840560827467e-65
5792093.593366032 2.7011840560827467e-65 2.7011840560827467e-65 2.7011840560827467e-65
6470409.441869952 2.7011840560827467e-65 2.7011840560827467e-65 2.7011840560827467e-65
7228163.3006398985 2.7011840560827467e-65 2.7011840560827467e-65 2.7011840560827467e-65
8074658.206732933 2.7011840560827467e-65 2.7011840560827467e-65 2.7011840560827467e-65
9020286.681927545 2.7011840560827467e-65 2.7011840560827467e-65 2.7011840560827467e-65
10076658.322988082 5.025228091096524e+28 5.025228091096524e+28 2.7011840560827467e-65
11256742.334108066 7.0057358473105555e+28 7.0057358473105555e+28 2.7011840560827467e-65
12575026.751420654 9.766787471647329e+28 9.766787471647329e+28 2.7011840560827467e-65
14047696.314395094 1.3616005455436451e+29 1.3616005455436451e+29 2.7011840560827467e-65
15692831.167868122 1.89822949699482e+29 1.89822949699482e+29 2.7011840560827467e-65
17530628.834199537 2.6463646591719163e+29 2.6463646591719163e+29 2.7011840560827467e-65
19583652.180731233 3.689356803485182e+29 3.689356803485182e+29 2.7011840560827467e-65
21877106.426876932 5.143416032233438e+29 5.143416032233438e+29 2.7011840560827467e-65
24439148.59169171 7.170592166938371e+29 7.170592166938371e+29 2.7011840560827467e-65
27301233.18104884 9.99677547065768e+29 9.99677547065768e+29 2.7011840560827467e-65
30498498.35846529 1.3936857303294508e+30 1.3936857303294508e+30 2.7011840560827467e-65
34070197.34064548 1.942987376376511e+30 1.942987376376511e+30 2.7011840560827467e-65
38060180.314036205 2.708814807741568e+30 2.708814807741568e+30 2.7011840560827467e-65
42517432.78894388 3.776499677712475e+30 3.776499677712475e+30 2.7011840560827467e-65
47496677.00065224 5.265014712339534e+30 5.265014712339534e+30 2.7011840560827467e-65
53059043.74101614 7.340249556653029e+30 7.340249556653029e+30 2.7011840560827467e-65
59272822.86869047 1.0233586377693156e+31 1.0233586377693156e+31 2.7011840560827467e-65
66214301.71210002 1.4267401856219652e+31 1.4267401856219652e+31 2.7011840560827467e-65
73968701.65832675 1.9891243227356659e+31 1.9891243227356659e+31 2.7011840560827467e-65
82631224.42653066 2.773210948019244e+31 2.773210948019244e+31 2.7011840560827467e-65
92308220.8711318 3.866420368243199e+31 3.866420368243199e+31 2.7011840560827467e-65
103118496.66429302 5.390576751704883e+31 5.390576751704883e+31 2.7011840560827467e-65
115194770.88772792 7.515565118309972e+31 7.515565118309972e+31 2.7011840560827467e-65
128685305.44114363 1.0478427359069895e+32 1.0478427359069895e+32 2.7011840560827467e-65
143755725.27176824 1.460946790716971e+32 1.460946790716971e+32 2.7011840560827467e-65
160591051.7721375 2.0369139873444104e+32 2.0369139873444104e+32 2.7011840560827467e-65
179397974.31042677 2.8399593436076613e+32 2.8399593436076613e+32 2.7011840560827467e-65
200407387.7811682 3.9597248536306616e+32 3.9597248536306616e+32 2.7011840560827467e-65
223877227.33019382 5.521021062277057e+32 5.521021062277057e+32 2.7011840560827467e-65
250095635.0560487 7.697927178490144e+32 7.697927178490144e+32 2.7011840560827467e-65
279384497.56588024 1.0733307076191415e+33 1.0733307076191415e+33 2.7011840560827467e-65
312103397.8167833 1.4966126524127387e+33 1.4966126524127387e+33 2.7011840560827467e-65
348654029.75987196 2.0868213454270365e+33 2.0868213454270365e+33 2.7011840560827467e-65
389485129.9861797 2.909786524061087e+33 2.909786524061087e+33 2.7011840560827467e-65
435097986.9208181 4.057439072539797e+33 4.057439072539797e+33 2.7011840560827467e-65
486052595.2024536 5.657917597619209e+33 5.657917597619209e+33 2.7011840560827467e-65
542974530.8061697 7.889713429858385e+33 7.889713429858385e+33 2.7011840560827467e-65
606562631.3164333 1.1001893226274718e+34 1.1001893226274718e+34 2.7011840560827467e-65
677597575.64182 1.5342675697075658e+34 1.5342675697075658e+34 2.7011840560827467e-65
756951468.5057237 2.1396575684784118e+34 2.1396575684784118e+34 2.7011840560827467e-65
845598547.3830093 2.9839218404515903e+34 2.9839218404515903e+34 2.7011840560827467e-65
944627143.3329698 4.161369395163869e+34 4.161369395163869e+34 2.7011840560827467e-65
1055253042.5732055 5.804025826706069e+34 5.804025826706069e+34 2.7011840560827467e-65
1178834412.836151 8.09514330824987e+34 8.09514330824987e+34 2.7011840560827467e-65
1316888477.7608624 1.129067084429099e+35 1.129067084429099e+35 2.7011840560827467e-65
1471110144.0337477 1.5748488604685779e+35 1.5748488604685779e+35 2.7011840560827467e-65
1643392809.9657822 2.1968702946374678e+35 2.1968702946374678e+35 2.7011840560827467e-65
1835851610.9758294 3.0645728695670784e+35 3.0645728695670784e+35 2.7011840560827467e-65
2050849387.367534 4.274993792674587e+35 4.274993792674587e+35 2.7011840560827467e-65
2291025693.2095613 5.964289996557868e+35 5.964289996557868e+35 2.7011840560827467e-65
2559329202.464604 8.321823188698949e+35 8.321823188698949e+35 2.7011840560827467e-65
2859053910.2212324 1.1611229706123431e+36 1.1611229706123431e+36 2.7011840560827467e-65
3193879573.4755955 1.6201168565301306e+36 1.6201168565301306e+36 2.7011840560827467e-65
3567916887.9593854 2.261021868268855e+36 2.261021868268855e+36 2.7011840560827467e-65
3985757955.655465 3.155625305152588e+36 3.155625305152588e+36 2.7011840560827467e-65
4452532662.597064 4.404190515036345e+36 4.404190515036345e+36 2.7011840560827467e-65
4973971659.107773 6.147051481964682e+36 6.147051481964682e+36 2.7011840560827467e-65
5556476715.698432 8.581725199471786e+36 8.581725199471786e+36 2.7011840560827467e-65
6207199318.388798 1.1980704507734395e+37 1.1980704507734395e+37 2.7011840560827467e-65
6934128468.378396 1.67259236534958e+37 1.67259236534958e+37 2.7011840560827467e-65
7746188763.994226 2.335034761153483e+37 2.335034761153483e+37 2.7011840560827467e-65
8653349969.078732 3.2597975106326625e+37 3.2597975106326625e+37 2.7011840560827467e-65
9666749413.003464 4.550801549985371e+37 4.550801549985371e+37 2.7011840560827467e-65
10798828725.027403 6.352930891442834e+37 6.352930891442834e+37 2.7011840560827467e-65
12063486581.705566 8.856024962349533e+37 8.856024962349533e+37 2.7011840560827467e-65
13476249342.645296 1.233732267959947e+38 1.233732267959947e+38 2.7011840560827467e-65
15054461669.527664 1.718711629062275e+38 1.718711629062275e+38 2.7011840560827467e-65
16817499468.646027 2.391113948038121e+38 2.391113948038121e+38 2.7011840560827467e-65
18787007771.283733 3.294027304695601e+38 3.294027304695601e+38 2.7011840560827467e-65
20987166472.417915 4.530381321978819e+38 4.530381321978819e+38 2.7011840560827467e-65
23444987190.255768 6.23077862568933e+38 6.23077862568933e+38 2.7011840560827467e-65
26190644891.183945 8.478692420958468e+38 8.478692420958468e+38 2.7011840560827467e-65
29257848351.531403 1.1172205831907194e+39 1.1172205831907194e+39 2.7011840560827467e-65
32684254004.350677 1.472139534652339e+39 1.472139534652339e+39 2.7011840560827467e-65
36511928252.06502 1.939809239189812e+39 1.939809239189812e+39 2.7011840560827467e-65
40787863920.8499 2.4701201678115906e+39 2.4701201678115906e+39 2.7011840560827467e-65
45564557197.322975 3.0480897661808936e+39 3.0480897661808936e+39 2.7011840560827467e-65
50900652130.665634 3.761295237279033e+39 3.761295237279033e+39 2.7011840560827467e-65
56861660612.80753 4.631215770557981e+39 4.631215770557981e+39 2.7011840560827467e-65
63520766675.95809 5.470905150547939e+39 5.470905150547939e+39 2.7011840560827467e-65
70959724981.94484 6.372341443320207e+39 6.372341443320207e+39 2.7011840560827467e-65
79269864534.22366 7.422306611583113e+39 7.422306611583113e+39 2.7011840560827467e-65
88553209935.2557 8.594031687114612e+39 8.594031687114612e+39 2.7011840560827467e-65
98923733955.06357 9.646731380005203e+39 9.646731379742103e+39 2.4943251731141637e-26
110508756788.90744 1.0792955910293129e+40 1.079295590951608e+40 7.767069161033115e+29
123450509182.93604 1.2075374827876478e+40 1.2075374826895227e+40 9.808285924442459e+29
137907878618.50116 1.338780652953456e+40 1.338780652829509e+40 1.2385942597016758e+30
154058359993.25388 1.4581765085987722e+40 1.4581765084422523e+40 1.5641017727092155e+30
172100234747.77057 1.588220389608528e+40 1.5882203894110446e+40 1.9735730050984283e+30
192255005191.1153 1.7298619139033223e+40 1.7298619136551913e+40 2.4798027909639707e+30
214770113911.85474 1.864454286180953e+40 1.8644542858692776e+40 3.114291552110616e+30
239921981661.0667 1.9961574815726216e+40 1.9961574811811973e+40 3.911122250079113e+30
268019401003.80127 2.1371640596349494e+40 2.1371640591433823e+40 4.911832113052216e+30
299407327403.2704 2.28665782743006e+40 2.2866578268128796e+40 6.166823675295806e+30
334471114281.37756 2.4302348394580768e+40 2.4302348386839556e+40 7.73455184261e+30
373641244049.9423 2.5784574250956545e+40 2.5784574241247493e+40 9.700665061999147e+30
417398613196.06366 2.7357202625667665e+40 2.7357202613490493e+40 1.2166561755611195e+31
466280436307.2671 2.9007519658794893e+40 2.900751964352183e+40 1.5259286245534656e+31
520886841520.88336 3.0683112336332643e+40 3.0683112317211397e+40 1.910498867918313e+31
581888238370.796 3.245126320551244e+40 3.245126318164818e+40 2.3844006001083453e+31
650033548487.5048 3.4321305873776684e+40 3.432130584399266e+40 2.9758542741204985e+31
726159400200.8372 3.6288767154616186e+40 3.6288767117444125e+40 3.714018802209175e+31
811200399928.5519 3.83544784963807e+40 3.835447844998796e+40 4.635286002786589e+31
906200606453.9562 4.0537778936103916e+40 4.053777887823157e+40 5.782327751006241e+31
1012326348963.6431 4.284536214697389e+40 4.284536207481416e+40 7.209838235630765e+31
1130880546213.9514 4.527975393175392e+40 4.527975384177968e+40 8.989764956667823e+31
1263318702624.3206 4.785042195103185e+40 4.785042183884528e+40 1.1209110570157359e+32
1411266777683.5623 5.056703454020542e+40 5.056703440032303e+40 1.3976356487587528e+32
1576541148053.9282 5.34373262961659e+40 5.343732612183597e+40 1.7418302108207036e+32
1761170907450.1494 5.646662117465921e+40 5.646662095745311e+40 2.1702311635800605e+32
1967422778071.8123 5.966688720959396e+40 5.966688693896637e+40 2.7039967926350775e+32
2197828939429.8062 6.30485294792081e+40 6.304852914202029e+40 3.3690414077914876e+32
2455218116224.7534 6.661993659475118e+40 6.661993617464397e+40 4.19753999271981e+32
2742750306947.069 7.038787490289991e+40 7.038787438000679e+40 5.2246069950309634e+32
3063955579565.952 7.436885729529183e+40 7.436885664463887e+40 6.501153428567119e+32
3422777410606.7993 7.857499525784519e+40 7.857499444821692e+40 8.089602900652086e+32
3823621099696.172 8.301297757281584e+40 8.301297656536858e+40 1.0066163767598122e+33
4271407853965.5703 8.769571972089684e+40 8.76957184674656e+40 1.2524048034543182e+33
4771635206314.883 9.264261426401166e+40 9.264261270608822e+40 1.5566635409177275e+33
5330444509298.151 9.786841237507633e+40 9.78684104390395e+40 1.9344738362380043e+33
5954696333261.914 1.033724738458804e+41 1.0337247143995715e+41 2.40398064496525e+33
6652054694408.895 1.0918125548319775e+41 1.0918125249334936e+41 2.9874391853271936e+33
7431081146864.805 1.1531644850819303e+41 1.1531644479391677e+41 3.7113314512370654e+33
8301339893928.293 1.217910497508078e+41 1.2179104514248736e+41 4.604697435777264e+33
9273515208967.863 1.2860273336614824e+41 1.2860272764931675e+41 5.712341583630572e+33
10359542607556.451 1.3579186009718328e+41 1.357918530052033e+41 7.086425725725612e+33
11572755381259.852 1.4338287228482585e+41 1.4338286348691497e+41 8.79104108727162e+33
12928048292092.426 1.5137850560454874e+41 1.5137849469748108e+41 1.08987634055322e+34
14442060437337.12 1.5977913962566608e+41 1.597791261261899e+41 1.348925428392788e+34
16133379529783.623 1.686459607477054e+41 1.686459440402515e+41 1.6694845340061156e+34
18022770101357.832 1.7800483977262747e+41 1.780048190948632e+41 2.0662214164103333e+34
20133428431826.785 1.8782219068119707e+41 1.8782216508950458e+41 2.5572389888441163e+34
22491267332370.297 1.9813995276319656e+41 1.9813992112999044e+41 3.1610332383819813e+34
25125234280342.035 2.0902450814380116e+41 2.090244691125273e+41 3.90031628298972e+34
28067666810999.05 2.2049977746151617e+41 2.2049972930194314e+41 4.812498306769373e+34
31354689529387.88 2.324727394607707e+41 2.3247268003778272e+41 5.9380158613457085e+34
35026657616551.223 2.4506716165765414e+41 2.450670883374151e+41 7.326762550751516e+34
39128652275035.2 2.583438998570634e+41 2.583438095883675e+41 9.020735895496473e+34
43711034196341.56 2.7228284014200575e+41 2.722827291948606e+41 1.108714644740937e+35
48830061845313.836 2.867699085669078e+41 2.867697722047999e+41 1.3626916669589387e+35
54548582152209.445 3.020103773600794e+41 3.0201020976161773e+41 1.6748480666395516e+35
60936802092170.414 3.1806080944558733e+41 3.180606034555036e+41 2.0585111910064582e+35
68073150624868.08 3.347798959743631e+41 3.347796436683165e+41 2.5214439782551933e+35
76045241576459.4 3.5211866509144066e+41 3.521183564846508e+41 3.084101623549633e+35
84950949285275.25 3.703554433130413e+41 3.7035506584233155e+41 3.772315747012331e+35
94899610217075.95 3.8953674195773814e+41 3.8953628025654304e+41 4.6141041483512165e+35
106013365302251.77 4.092296064995632e+41 4.0922904181768054e+41 5.643218216977016e+35
118428659475004.27 4.297018868958086e+41 4.2970119965622276e+41 6.868355017328373e+35
132297916824536.06 4.511983366048672e+41 4.511975009541456e+41 8.351625201228204e+35
147791411924290.9 4.7367930234303524e+41 4.73678286226942e+41 1.0155218145511958e+36
165099360313770.7 4.964504494338176e+41 4.964492138700635e+41 1.2348309831692188e+36
184434253798047.12 5.201870554351316e+41 5.201855542917957e+41 1.5002870055956796e+36
206033469235707.84 5.450585954263628e+41 5.450567819101945e+41 1.8125555526397971e+36
230162182843667.72 5.7071496402917376e+41 5.707127746902218e+41 2.1881544331949854e+36
257116625798099.4 5.96519635062978e+41 5.965169920485344e+41 2.6415851456456702e+36
287227721100920.9 6.2344205534393255e+41 6.234388646558016e+41 3.188976050244829e+36
320865146362067.25 6.51579613392434e+41 6.515757692476446e+41 3.8422528740892836e+36
358441872376855.3 6.799394877418228e+41 6.799348868844174e+41 4.598631002108149e+36
400419233219075.2 7.085197380934942e+41 7.085142344345928e+41 5.501017997696561e+36
447312590096004.94 7.383014263674823e+41 7.382948427556875e+41 6.580479929159157e+36
499697658501144.8 7.693350792908794e+41 7.693272038135245e+41 7.871764120058918e+36
558217576343952.44 7.996109220817794e+41 7.996015391113029e+41 9.379061605402331e+36
623590799832817.8 8.305129363870382e+41 8.305018479058015e+41 1.108399883928111e+37
696619924050061.2 8.626093895067185e+41 8.625962878229763e+41 1.3096438213141987e+37
778201536510186.8 8.955049049806342e+41 8.954894244548038e+41 1.547426126235244e+37
869337224674746.5 9.27178894412204e+41 9.271606030405787e+41 1.8283807987980415e+37
