test_SED.txt
# %ECSV 0.9
# ---
# datatype:
# - {name: nu, unit: Hz, datatype: float64}
# - {name: Sum, unit: erg / s, datatype: float64}
# - {name: Sync, unit: erg / s, datatype: float64}
# - {name: SSC, unit: erg / s, datatype: float64}
# meta: {redshift: 0.1, restframe: src, src_name: jet_leptonic}
# schema: astropy-2.0
nu Sum Sync SSC
[from data line 366]
4.4116301689410276e+23 2.2438353334772297e+42 2.940560387746527e+36 2.2438323656260238e+42
4.928279047812449e+23 2.2930764290752183e+42 1.5605355928408748e+36 2.2930748375439758e+42
5.505433012971049e+23 2.343398699389407e+42 7.1517953343421e+35 2.343397969977275e+42
6.15017785443081e+23 2.394825813072268e+42 3.2776039674433074e+35 2.3948254787773695e+42
6.870429183683552e+23 2.444994928992318e+42 1.5020966435959029e+35 2.444994775813156e+42
7.675029614632108e+23 2.4873114161713287e+42 5.266247899516459e+34 2.4873113612105868e+42
8.573857325445448e+23 2.5299202049800707e+42 1.640568082346207e+34 2.529920187857029e+42
9.577947334163895e+23 2.573258929304437e+42 5.1107803585551216e+33 2.573258923969783e+42
1.0699626976968753e+24 2.6173400748379642e+42 1.4962383339359515e+33 2.6173400732451498e+42
1.1952667252400603e+24 2.6573974500269925e+42 2.8454204904641967e+32 2.6573974497147605e+42
1.335245188959692e+24 2.687789863018873e+42 4.98838584192471e+31 2.6877898629641248e+42
1.4916166216221953e+24 2.7185298714927536e+42 8.745278032300799e+30 2.7185298714831466e+42
1.6663008144841756e+24 2.749621450688858e+42 1.2393165518273312e+30 2.749621450687351e+42
1.8614423868051468e+24 2.7810686214588438e+42 9.275430644142102e+28 2.7810686214587302e+42
2.0794371156011458e+24 2.803456344006774e+42 6.890621198851584e+27 2.803456344006762e+42
2.3229613488930667e+24 2.815372263601528e+42 5.1189710028233856e+26 2.815372263601528e+42
2.595004863559492e+24 2.827338831083175e+42 1.943184085791024e+25 2.827338831083175e+42
2.898907571194144e+24 2.8393562617274356e+42 3.887336474617176e+23 2.8393562617274356e+42
3.238400522610044e+24 2.8514247717250924e+42 7.776610037819351e+21 2.8514247717250924e+42
3.6176517144080614e+24 2.848849299339064e+42 1.5346899117448184e+20 2.848849299339064e+42
4.041317259982274e+24 2.837341818465869e+42 6.353377102662644e+17 2.837341818465869e+42
4.514598553195162e+24 2.825880820260643e+42 1676374890225846.0 2.825880820260643e+42
5.043306126528017e+24 2.814466116963915e+42 4423211037482.233 2.814466116963915e+42
5.633930987700666e+24 2.8030975215746355e+42 4.510186529812128e-32 2.8030975215746355e+42
6.293724310569564e+24 2.76914254461557e+42 2.7011840560827467e-65 2.76914254461557e+42
7.030786458678377e+24 2.7289942551518807e+42 2.7011840560827467e-65 2.7289942551518807e+42
7.85416643441476e+24 2.689428053869251e+42 2.7011840560827467e-65 2.689428053869251e+42
8.77397297472221e+24 2.6504355013881842e+42 2.7011840560827467e-65 2.6504355013881842e+42
9.801498657303655e+24 2.609976677591446e+42 2.7011840560827467e-65 2.609976677591446e+42
1.0949358540982625e+25 2.5499934655323244e+42 2.7011840560827467e-65 2.5499934655323244e+42
1.2231645042327727e+25 2.487449091022108e+42 2.7011840560827467e-65 2.487449091022108e+42
1.3664100949978807e+25 2.4264387591813135e+42 2.7011840560827467e-65 2.4264387591813135e+42
1.526431270079438e+25 2.3669248441334425e+42 2.7011840560827467e-65 2.3669248441334425e+42
1.7051926290693424e+25 2.3036727456790525e+42 2.7011840560827467e-65 2.3036727456790525e+42
1.904888847095696e+25 2.219068656603891e+42 2.7011840560827467e-65 2.219068656603891e+42
2.1279716191184534e+25 2.1348767562229383e+42 2.7011840560827467e-65 2.1348767562229383e+42
2.3771797596892143e+25 2.0538791130672684e+42 2.7011840560827467e-65 2.0538791130672684e+42
2.6555728277133147e+25 1.9759545363907992e+42 2.7011840560827467e-65 1.9759545363907992e+42
2.96656868902975e+25 1.8941334527468566e+42 2.7011840560827467e-65 1.8941334527468566e+42
3.3139854779692875e+25 1.797497863398603e+42 2.7011840560827467e-65 1.797497863398603e+42
3.702088473057804e+25 1.704992583349652e+42 2.7011840560827467e-65 1.704992583349652e+42
4.135642462364006e+25 1.6172479358506428e+42 2.7011840560827467e-65 1.6172479358506428e+42
4.6199702413868185e+25 1.534018922753737e+42 2.7011840560827467e-65 1.534018922753737e+42
5.16101796166859e+25 1.447047858203867e+42 2.7011840560827467e-65 1.447047858203867e+42
5.765428132426668e+25 1.3523385262791916e+42 2.7011840560827467e-65 1.3523385262791916e+42
6.440621171453956e+25 1.2638279233756503e+42 2.7011840560827467e-65 1.2638279233756503e+42
7.194886506498057e+25 1.1811103424663156e+42 2.7011840560827467e-65 1.1811103424663156e+42
8.037484345582475e+25 1.1038066300630756e+42 2.7011840560827467e-65 1.1038066300630756e+42
8.978759365715962e+25 1.0215894733112385e+42 2.7011840560827467e-65 1.0215894733112385e+42
1.0030267715761219e+26 9.371430981229155e+41 2.7011840560827467e-65 9.371430981229155e+41
1.1204918892691529e+26 8.596772082163495e+41 2.7011840560827467e-65 8.596772082163495e+41
1.2517134233068506e+26 7.886147844517558e+41 2.7011840560827467e-65 7.886147844517558e+41
1.3983023965559333e+26 7.234265051021092e+41 2.7011840560827467e-65 7.234265051021092e+41
1.56205849981905e+26 6.57604103031907e+41 2.7011840560827467e-65 6.57604103031907e+41
1.744992186859445e+26 5.951278110262671e+41 2.7011840560827467e-65 5.951278110262671e+41
1.9493493569883867e+26 5.385871374949914e+41 2.7011840560827467e-65 5.385871374949914e+41
2.1776389282464706e+26 4.874181634610979e+41 2.7011840560827467e-65 4.874181634610979e+41
2.432663639698038e+26 4.411105455967222e+41 2.7011840560827467e-65 4.411105455967222e+41
2.7175544610025026e+26 3.925800335844598e+41 2.7011840560827467e-65 3.925800335844598e+41
3.0358090317127865e+26 3.481362508323386e+41 2.7011840560827467e-65 3.481362508323386e+41
3.391334602225112e+26 3.0872392576103908e+41 2.7011840560827467e-65 3.0872392576103908e+41
3.788496003571206e+26 2.737734496463293e+41 2.7011840560827467e-65 2.737734496463293e+41
4.232169234984348e+26 2.4242115196652513e+41 2.7011840560827467e-65 2.4242115196652513e+41
4.72780132713986e+26 2.1158055546999226e+41 2.7011840560827467e-65 2.1158055546999226e+41
5.2814772160188116e+26 1.843036688948554e+41 2.7011840560827467e-65 1.843036688948554e+41
5.8999944484131705e+26 1.6054330839925627e+41 2.7011840560827467e-65 1.6054330839925627e+41
6.590946636241674e+26 1.398461247479705e+41 2.7011840560827467e-65 1.398461247479705e+41
7.362816684254505e+26 1.2136444226112713e+41 2.7011840560827467e-65 1.2136444226112713e+41
8.225080935695373e+26 1.0377895441126639e+41 2.7011840560827467e-65 1.0377895441126639e+41
9.188325514529467e+26 8.862872508698703e+40 2.7011840560827467e-65 8.862872508698703e+40
1.0264376292586064e+27 7.569021055479017e+40 2.7011840560827467e-65 7.569021055479017e+40
1.1466444077237091e+27 6.464053238050737e+40 2.7011840560827467e-65 6.464053238050737e+40
1.2809286802099593e+27 5.482055680000649e+40 2.7011840560827467e-65 5.482055680000649e+40
1.4309390711996306e+27 4.576690086364404e+40 2.7011840560827467e-65 4.576690086364404e+40
1.598517276660585e+27 3.8186113061224093e+40 2.7011840560827467e-65 3.8186113061224093e+40
1.7857206747735024e+27 3.186100005043004e+40 2.7011840560827467e-65 3.186100005043004e+40
1.994847584616137e+27 2.6583573001681215e+40 2.7011840560827467e-65 2.6583573001681215e+40
2.2284654829085237e+27 2.204271654806572e+40 2.7011840560827467e-65 2.204271654806572e+40
2.489442525239483e+27 1.8123992090464764e+40 2.7011840560827467e-65 1.8123992090464764e+40
2.780982758764645e+27 1.4901933188632043e+40 2.7011840560827467e-65 1.4901933188632043e+40
3.1066654586862673e+27 1.2252687578432818e+40 2.7011840560827467e-65 1.2252687578432818e+40
3.4704890714539045e+27 1.0074421284428133e+40 2.7011840560827467e-65 1.0074421284428133e+40
3.876920304181747e+27 8.173975779662168e+39 2.7011840560827467e-65 8.173975779662168e+39
4.330948962959823e+27 6.567120377655924e+39 2.7011840560827467e-65 6.567120377655924e+39
4.838149213315232e+27 5.2761436071206854e+39 2.7011840560827467e-65 5.2761436071206854e+39
5.404748014926015e+27 4.2389494576154435e+39 2.7011840560827467e-65 4.2389494576154435e+39
6.037701570768646e+27 3.4056488682317284e+39 2.7011840560827467e-65 3.4056488682317284e+39
6.744780729275347e+27 2.6999645245688107e+39 2.7011840560827467e-65 2.6999645245688107e+39
7.534666387993169e+27 2.129728724743199e+39 2.7011840560827467e-65 2.129728724743199e+39
8.417056070027935e+27 1.6799274211651163e+39 2.7011840560827467e-65 1.6799274211651163e+39
9.402782981724466e+27 1.3251247013738054e+39 2.7011840560827467e-65 1.3251247013738054e+39
1.0503949013269887e+28 1.0452567486356983e+39 2.7011840560827467e-65 1.0452567486356983e+39
1.1734073315083404e+28 8.07966444609892e+38 2.7011840560827467e-65 8.07966444609892e+38
1.3108258274084094e+28 6.227483694914662e+38 2.7011840560827467e-65 6.227483694914662e+38
1.4643374927547416e+28 4.799896509211073e+38 2.7011840560827467e-65 4.799896509211073e+38
1.6358270090898492e+28 3.699569140253322e+38 2.7011840560827467e-65 3.699569140253322e+38
1.8273997742377187e+28 2.844165328882229e+38 2.7011840560827467e-65 2.844165328882229e+38
2.0414077505310627e+28 2.130718095569991e+38 2.7011840560827467e-65 2.130718095569991e+38
2.280478340141359e+28 1.5933828318367334e+38 2.7011840560827467e-65 1.5933828318367334e+38
2.54754664201747e+28 1.191555492052511e+38 2.7011840560827467e-65 1.191555492052511e+38
2.8458914864555105e+28 8.910630027335342e+37 2.7011840560827467e-65 8.910630027335342e+37
3.1791756897004498e+28 6.611599772109432e+37 2.7011840560827467e-65 6.611599772109432e+37
3.5514910227904146e+28 4.768867165128547e+37 2.7011840560827467e-65 4.768867165128547e+37
3.967408446731435e+28 3.4354623103970065e+37 2.7011840560827467e-65 3.4354623103970065e+37
4.432034230746478e+28 2.4748857280951955e+37 2.7011840560827467e-65 2.4748857280951955e+37
4.951072642568837e+28 1.782892319497289e+37 2.7011840560827467e-65 1.782892319497289e+37
5.530895980436746e+28 1.2053909203314906e+37 2.7011840560827467e-65 1.2053909203314906e+37
6.178622806580197e+28 7.219118743484492e+36 2.7011840560827467e-65 7.219118743484492e+36
6.902205342682733e+28 4.313182584452152e+36 2.7011840560827467e-65 4.313182584452152e+36
7.710527100282164e+28 2.5769826855406484e+36 2.7011840560827467e-65 2.5769826855406484e+36
8.613511944731267e+28 1.539661173981994e+36 2.7011840560827467e-65 1.539661173981994e+36
9.622245931709877e+28 2.7011840560827467e-65 2.7011840560827467e-65 2.7011840560827467e-65
1.0749113412089796e+29 2.7011840560827467e-65 2.7011840560827467e-65 2.7011840560827467e-65
1.200794907612974e+29 2.7011840560827467e-65 2.7011840560827467e-65 2.7011840560827467e-65
1.3414207803664067e+29 2.7011840560827467e-65 2.7011840560827467e-65 2.7011840560827467e-65
1.4985154405558145e+29 2.7011840560827467e-65 2.7011840560827467e-65 2.7011840560827467e-65
1.6740075585908257e+29 2.7011840560827467e-65 2.7011840560827467e-65 2.7011840560827467e-65
1.870051672727386e+29 2.7011840560827467e-65 2.7011840560827467e-65 2.7011840560827467e-65
2.0890546405981206e+29 2.7011840560827467e-65 2.7011840560827467e-65 2.7011840560827467e-65
2.3337051884987023e+29 2.7011840560827467e-65 2.7011840560827467e-65 2.7011840560827467e-65
2.6070069212102637e+29 2.7011840560827467e-65 2.7011840560827467e-65 2.7011840560827467e-65
2.9123151976237705e+29 2.7011840560827467e-65 2.7011840560827467e-65 2.7011840560827467e-65
3.253378324892569e+29 2.7011840560827467e-65 2.7011840560827467e-65 2.7011840560827467e-65
3.634383576859055e+29 2.7011840560827467e-65 2.7011840560827467e-65 2.7011840560827467e-65
4.060008601729061e+29 2.7011840560827467e-65 2.7011840560827467e-65 2.7011840560827467e-65
4.535478850132724e+29 2.7011840560827467e-65 2.7011840560827467e-65 2.7011840560827467e-65
5.066631728622628e+29 2.7011840560827467e-65 2.7011840560827467e-65 2.7011840560827467e-65
5.65998826623004e+29 2.7011840560827467e-65 2.7011840560827467e-65 2.7011840560827467e-65
6.3228331739378995e+29 2.7011840560827467e-65 2.7011840560827467e-65 2.7011840560827467e-65
7.063304279971235e+29 2.7011840560827467e-65 2.7011840560827467e-65 2.7011840560827467e-65
7.89049243891216e+29 2.7011840560827467e-65 2.7011840560827467e-65 2.7011840560827467e-65
8.814553141236539e+29 2.7011840560827467e-65 2.7011840560827467e-65 2.7011840560827467e-65
9.846831193516152e+29 2.7011840560827467e-65 2.7011840560827467e-65 2.7011840560827467e-65
1.1000000000000001e+30 2.7011840560827467e-65 2.7011840560827467e-65 2.7011840560827467e-65
