test_SED.txt
# %ECSV 0.9
# ---
# datatype:
# - {name: nu, unit: Hz, datatype: float64}
# - {name: Sum, unit: erg / s, datatype: float64}
# - {name: Sync, unit: erg / s, datatype: float64}
# - {name: SSC, unit: erg / s, datatype: float64}
# meta: {redshift: 0.1, restframe: src, src_name: jet_leptonic}
# schema: astropy-2.0
nu Sum Sync SSC
[from data line 187]
1084877397435564.1 9.933824763894108e+41 9.933575630303994e+41 2.490566873577426e+37
1211928095167226.2 1.0269955146087365e+42 1.0269665700434828e+42 2.893523202367902e+37
1353857782757329.8 1.0593615624901604e+42 1.0593279349676162e+42 3.3616750513569566e+37
1512408948387062.8 1.0927107390553387e+42 1.0926716709782068e+42 3.905570600459667e+37
1689528144161985.2 1.1271098413172553e+42 1.1270649448084272e+42 4.488633167422792e+37
1887389884171007.2 1.1601003418439392e+42 1.1600491007673217e+42 5.122879235300506e+37
2108423341262494.5 1.1924122711984211e+42 1.1923537899066249e+42 5.846744583617013e+37
2355342170297305.0 1.2256248345790034e+42 1.225558090053511e+42 6.672892460649548e+37
2631177824022261.5 1.259763228623954e+42 1.2596870532975226e+42 7.615775437867147e+37
2939316770587382.0 1.290821061338771e+42 1.2907350383419985e+42 8.600708926882182e+37
3283542069630602.5 1.32209050637252e+42 1.3219936843862321e+42 9.680432913182035e+37
3668079817365006.5 1.3541183198707658e+42 1.354009343235955e+42 1.0895704317317115e+38
4097651030880231.0 1.3859230613349763e+42 1.3858004033705575e+42 1.2263539620087174e+38
4577529608648387.0 1.4147232604422602e+42 1.414585214511492e+42 1.380201099207321e+38
5113607078822283.0 1.4438687329411098e+42 1.443715145762415e+42 1.5356568380748025e+38
5712464930249223.0 1.4736156098683458e+42 1.4734449368775368e+42 1.7064948365616835e+38
6381455414216716.0 1.5016871718724466e+42 1.5014975101715498e+42 1.896338136886452e+38
7128791808943154.0 1.5271654517622656e+42 1.5269546911905367e+42 2.107301031543434e+38
7963649255001965.0 1.5530774240523845e+42 1.552843486688431e+42 2.3390617476144807e+38
8896277399647486.0 1.579428893382426e+42 1.579171214484846e+42 2.5765012457856435e+38
9938126232991588.0 1.6022275388168675e+42 1.601943867316655e+42 2.83637558519319e+38
1.1101986660936268e+16 1.6236145938328582e+42 1.6233023110051927e+42 3.1224617001211404e+38
1.240214754069447e+16 1.6452893030782208e+42 1.6449455231716426e+42 3.437403395946736e+38
1.3854571106841978e+16 1.666998654283655e+42 1.6666207749421483e+42 3.778399694259799e+38
1.5477088941629552e+16 1.683624771808561e+42 1.6832112742988616e+42 4.1345468809360614e+38
1.7289620895504774e+16 1.6999858552584702e+42 1.6995334769600113e+42 4.523324566667018e+38
1.93144196455591e+16 1.7165088720179656e+42 1.716013957018533e+42 4.948659605180432e+38
2.1576343894373636e+16 1.7315108191505145e+42 1.7309693647802245e+42 5.413989539554459e+38
2.410316356335967e+16 1.742236721595821e+42 1.741645474768869e+42 5.9119203524671565e+38
2.6925900727488844e+16 1.7528664948927397e+42 1.7522229158240427e+42 6.435219392618016e+38
3.007921047711357e+16 1.7635651059441094e+42 1.7628645962786142e+42 7.004490673485995e+38
3.3601806382759788e+16 1.77102777301028e+42 1.7702652907313943e+42 7.624120733355731e+38
3.7536935786381864e+16 1.775432443518828e+42 1.7746025127599037e+42 8.298564401950507e+38
4.193291075428277e+16 1.7798517699613343e+42 1.778950361158955e+42 9.013381306560874e+38
4.6843701210277464e+16 1.78428590395853e+42 1.783308861963575e+42 9.769676643125974e+38
5.232959753106658e+16 1.783626096688307e+42 1.7825670681068418e+42 1.0589431253925148e+39
5.8457950738585304e+16 1.781615361002225e+42 1.7804674743677037e+42 1.1477969883527988e+39
6.530399937676039e+16 1.7796145539437208e+42 1.7783703536316638e+42 1.2441064065489317e+39
7.295179322433928e+16 1.776976489320524e+42 1.7756305207856728e+42 1.3458755502272144e+39
8.149522518433558e+16 1.7688294657941834e+42 1.7673748498009595e+42 1.4545122721193167e+39
9.103918401871008e+16 1.76048719541457e+42 1.7589151696752723e+42 1.5719179603110534e+39
1.0170084208056938e+17 1.752194894682569e+42 1.750495982480562e+42 1.6988004304344344e+39
1.1361109385351304e+17 1.7417613231764435e+42 1.7399252750904236e+42 1.8359246317620626e+39
1.269161629592623e+17 1.7273343982183666e+42 1.7253537931157027e+42 1.9804819106049368e+39
1.417793973629975e+17 1.7129768365145733e+42 1.7108412041773374e+42 2.1355057928202005e+39
1.5838327481636106e+17 1.6987534798966033e+42 1.6964506859925382e+42 2.302664299405627e+39
1.769316431591891e+17 1.6809500621917585e+42 1.678467010950355e+42 2.4829072782588267e+39
1.9765222298445034e+17 1.6609815286819064e+42 1.658304123340915e+42 2.6772589274181422e+39
2.2079940339188346e+17 1.641263432971339e+42 1.638383446054399e+42 2.879847338326827e+39
2.466573651541835e+17 1.6217996702130995e+42 1.6187020694956444e+42 3.097460387539562e+39
2.755435696391953e+17 1.597446122550945e+42 1.5941144528067866e+42 3.331517169222928e+39
3.0781265632206214e+17 1.5727951294035754e+42 1.5692117175979868e+42 3.583260239090095e+39
3.43860796737556e+17 1.5485513846726723e+42 1.5446980047832805e+42 3.853231939889567e+39
3.841305583265975e+17 1.5237848948506382e+42 1.5196469877253418e+42 4.137762618139626e+39
4.291163378910093e+17 1.4949466395364168e+42 1.4905033005183842e+42 4.4431920072648624e+39
4.793704313636723e+17 1.4666230710570552e+42 1.461851764544515e+42 4.771166699335272e+39
5.355098144134535e+17 1.4388744706619534e+42 1.4337509891851037e+42 5.123350878293281e+39
5.982237171311295e+17 1.409495077575542e+42 1.403993812578437e+42 5.501137799643396e+39
6.682820857917684e+17 1.3778823420987173e+42 1.3719766027688695e+42 5.905626399952785e+39
7.465450355795617e+17 1.3470226823454914e+42 1.3406827399134894e+42 6.339847805137581e+39
8.339734103274296e+17 1.316908737910853e+42 1.3101026690064761e+42 6.805996090885291e+39
9.316405789145997e+17 1.2842338826640849e+42 1.2769274131312858e+42 7.306418736362813e+39
1.0407456131479858e+18 1.251044473426435e+42 1.243205817505768e+42 7.838638165118997e+39
1.162628008913786e+18 1.2187767560761162e+42 1.2103747548892773e+42 8.401981667488231e+39
1.298784131332816e+18 1.1874044445188501e+42 1.178398568614148e+42 9.005808865314085e+39
1.4508855858185423e+18 1.1528617157430537e+42 1.1432085645455507e+42 9.653031454758651e+39
1.6207997405818214e+18 1.1192849467114555e+42 1.1089380147581364e+42 1.034675388885492e+40
1.8106126525394048e+18 1.0867741052837999e+42 1.0756948108279397e+42 1.107905849483388e+40
2.0226546780905556e+18 1.0543632151923803e+42 1.042509126912515e+42 1.1853757533507928e+40
2.2595290831883617e+18 1.02020275136798e+42 1.0075197083259398e+42 1.2682627113911882e+40
2.5241440039551145e+18 9.872745946989277e+41 9.737046290150815e+41 1.3569455090999555e+40
2.819748150226167e+18 9.55543220437015e+41 9.410244749859324e+41 1.4518137608828719e+40
3.149970690358921e+18 9.232267691140835e+41 9.077105335853383e+41 1.5515474467600947e+40
3.518865806978006e+18 8.905857619373642e+41 8.740114835277708e+41 1.6573385439029588e+40
3.9309624706723753e+18 8.592679889983063e+41 8.415635217111765e+41 1.7703429275347802e+40
4.391320042722859e+18 8.291925262037079e+41 8.102807590178673e+41 1.8910524301762327e+40
4.905590389500996e+18 7.981628983137085e+41 7.779622586763992e+41 2.0199204013311796e+40
5.48008727112566e+18 7.678535390731442e+41 7.463112967953515e+41 2.1540629857070603e+40
6.121863856270379e+18 7.389139773389043e+41 7.159480366978008e+41 2.2964117044833246e+40
6.838799314780217e+18 7.111482531677602e+41 6.866643780019819e+41 2.448167370907693e+40
7.639695551206058e+18 6.823844878079775e+41 6.5628250344051236e+41 2.6099516320508984e+40
8.534385266866664e+18 6.550697089412122e+41 6.2724489302239774e+41 2.782216266762109e+40
9.533852677128186e+18 6.290934095720369e+41 5.994920689796252e+41 2.9598398922529555e+40
1.0650368365963805e+19 6.0374993199901664e+41 5.722599099236935e+41 3.1486534298753026e+40
1.1897639933417806e+19 5.7841740133030016e+41 5.44918434549632e+41 3.3495117244058787e+40
1.3290980285492509e+19 5.545193501340388e+41 5.188832821639003e+41 3.5631831326627664e+40
1.48474956325733e+19 5.319786445695455e+41 4.940819206982243e+41 3.7892210019081297e+40
1.6586295504471595e+19 5.096530935434788e+41 4.694206266908212e+41 4.0227231383862798e+40
1.852872736046547e+19 4.880370597362852e+41 4.4532521317947666e+41 4.270614313590931e+40
2.0698638674676072e+19 4.6781062927443035e+41 4.224666199509909e+41 4.533781219346868e+40
2.3122669714431836e+19 4.488670596751652e+41 4.007283999355102e+41 4.813165187848284e+40
2.5830580606097097e+19 4.3004271986237296e+41 3.7897013183853425e+41 5.106511479332702e+40
2.8855616703794364e+19 4.12294554092519e+41 3.581845976135539e+41 5.410191749171429e+40
3.2234916746693526e+19 3.958670372343811e+41 3.38539096327111e+41 5.731931648693272e+40
3.6009968815867576e+19 3.805279260447737e+41 3.197900306964379e+41 6.072805170042877e+40
4.022711968855218e+19 3.6547236067397555e+41 3.011223640955759e+41 6.433950174843226e+40
4.493814384321422e+19 3.516568338590689e+41 2.8354441807031157e+41 6.8101650239464905e+40
5.020087910117229e+19 3.3900950564103513e+41 2.6699258044252492e+41 7.200553530914718e+40
5.607993670862496e+19 3.271547831366608e+41 2.510087764948509e+41 7.613320818108888e+40
6.264749457684127e+19 3.1598520717992137e+41 2.354742688763771e+41 8.049749735293819e+40
6.998418341923245e+19 3.060265354644523e+41 2.209011655972976e+41 8.511132735309324e+40
7.818007666450753e+19 2.9714932242323685e+41 2.0721581254511347e+41 8.99189530330913e+40
8.733579629920485e+19 2.888656217324436e+41 1.939000835215082e+41 9.49497105452549e+40
9.756374821616135e+19 2.8150058180535698e+41 1.812223110770814e+41 1.0026192730813858e+41
1.0898950223544556e+20 2.7526160764103334e+41 1.693734496430756e+41 1.0587135031603183e+41
1.2175333374043534e+20 2.700690505093383e+41 1.5826043189483346e+41 1.1179070010414854e+41
1.3601194585590838e+20 2.6537463892227068e+41 1.4741072382656204e+41 1.1794563722592647e+41
1.5194039331152167e+20 2.616752075476461e+41 1.3725521290231864e+41 1.2440147820188712e+41
1.6973423161019246e+20 2.5902870213598475e+41 1.277993417292093e+41 1.3121068436953291e+41
1.8961191788699822e+20 2.5730002938897677e+41 1.1888754753429196e+41 1.3839259743185345e+41
2.1181749293421144e+20 2.5625645466429746e+41 1.1028463152759571e+41 1.4595232433979934e+41
2.3662357732003745e+20 2.560378168442701e+41 1.0230423794106226e+41 1.5371441129526768e+41
2.6433471838476504e+20 2.567688690520241e+41 9.490131993670047e+40 1.618486044940374e+41
2.952911292058162e+20 2.5829645345277616e+41 8.786346797034592e+40 1.7041323943498002e+41
3.298728654354127e+20 2.6064911126273715e+41 8.119871020925347e+40 1.794310940493379e+41
3.6850449129044646e+20 2.639484460859059e+41 7.503949812078322e+40 1.888906574282279e+41
4.116602919794192e+20 2.6786767803520126e+41 6.933749960028148e+40 1.9851211463094723e+41
4.598700965601338e+20 2.725273369260813e+41 6.389832216469895e+40 2.0861094789675194e+41
5.137257827160064e+20 2.780712124464599e+41 5.883032857758742e+40 2.192235353660232e+41
5.7388854331097665e+20 2.845569131605577e+41 5.416429482492663e+40 2.3037601306602525e+41
6.410970039353898e+20 2.918659540225783e+41 4.984915282887501e+40 2.4200059567719516e+41
7.161762911029616e+20 2.99593933955792e+41 4.573035420583015e+40 2.5384811295633877e+41
8.0004816243016e+20 3.0823541940462085e+41 4.1945145120909814e+40 2.6627564395522674e+41
8.937423231675508e+20 3.1779863703565866e+41 3.847324670382439e+40 2.7931158415176538e+41
9.984090680173933e+20 3.2824387435417524e+41 3.524443111340333e+40 2.929857191688411e+41
1.1153334034428232e+21 3.3933888744215127e+41 3.2205189135743567e+40 3.071211872356083e+41
1.2459508238497693e+21 3.510007472798734e+41 2.942803088328431e+40 3.2156102323912516e+41
1.3918649353278346e+21 3.6358103973469524e+41 2.6890356023600385e+40 3.3667977321040063e+41
1.5548671433189291e+21 3.770357393041792e+41 2.451567300132104e+40 3.525093574687145e+41
1.736958645921583e+21 3.914106260225187e+41 2.2317501022735224e+40 3.69083197122598e+41
1.9403750028454498e+21 4.0640439004508825e+41 2.0316425817596153e+40 3.860790054427933e+41
2.167613581651976e+21 4.220062207112966e+41 1.8490136666905187e+40 4.035075813999286e+41
2.4214642182423456e+21 4.385111728124505e+41 1.6780191765355827e+40 4.217229270482725e+41
2.7050434680148564e+21 4.559854099764677e+41 1.5217444912474713e+40 4.407605591476831e+41
3.0218328681978963e+21 4.74459528439305e+41 1.3800237381213984e+40 4.606524943737566e+41
3.3757216811094036e+21 4.934180724156693e+41 1.2507859871147837e+40 4.809037847612984e+41
3.7710546431073567e+21 5.1305907464859315e+41 1.1299850336497986e+40 5.017533498226255e+41
4.212685305450888e+21 5.3372072268918725e+41 1.0208510404069344e+40 5.23506846973949e+41
4.706035621944384e+21 5.554309356353441e+41 9.222572119684227e+39 5.462034661562064e+41
5.257162514929155e+21 5.781592127407341e+41 8.318070400895543e+39 5.6983647147979174e+41
5.872832236862123e+21 6.012687447570988e+41 7.485327499269378e+39 5.937792390472539e+41
6.560603440426732e+21 6.2522653663854186e+41 6.735952579252788e+39 6.184867907333624e+41
7.328919977039279e+21 6.502872167249442e+41 6.061320671152393e+39 6.442224401874245e+41
8.187214563048134e+21 6.7647151618927036e+41 5.439258974519755e+39 6.7102896724590075e+41
9.146024586349253e+21 7.037373188588146e+41 4.8747308480204967e+39 6.988596481322336e+41
1.0217121475189707e+22 7.314782129315832e+41 4.3687937919412135e+39 7.271067831635003e+41
1.1413655217436052e+22 7.602801969561738e+41 3.9135907200245374e+39 7.563641410533464e+41
1.2750315804587744e+22 7.902947056549996e+41 3.4936792930370546e+39 7.867987579242813e+41
1.4243513582604926e+22 8.21576996571584e+41 3.116955145399937e+39 8.184580043801086e+41
1.5911580723738055e+22 8.540299259513333e+41 2.7808532391046983e+39 8.512472670454702e+41
1.7774996292855149e+22 8.87041660911023e+41 2.477676996404591e+39 8.845622484064863e+41
1.985663767143221e+22 9.21344255460428e+41 2.19824793034591e+39 9.191444588192062e+41
2.218206142597219e+22 9.570303847006476e+41 1.9503324970455475e+39 9.550786704949015e+41
2.477981706910571e+22 9.941493493869216e+41 1.7303766315537187e+39 9.92417740304014e+41
2.7681797565459395e+22 1.0322877104677941e+42 1.529139961925647e+39 1.0307573901999983e+42
3.092363088549314e+22 1.0706228889080825e+42 1.346221389502358e+39 1.0692756232367434e+42
3.454511741446424e+22 1.1104193465321099e+42 1.185183877655917e+39 1.10923323889677e+42
3.85907185866376e+22 1.151727806725824e+42 1.0429410581490903e+39 1.1506840252739978e+42
4.311010274376761e+22 1.1945942958242497e+42 9.096880735212716e+38 1.1936837804623344e+42
4.8158754919419935e+22 1.2379408468874745e+42 7.909987347941748e+38 1.2371491436156092e+42
5.379865803553549e+22 1.281241723666157e+42 6.87795098845335e+38 1.2805533134454421e+42
6.0099053874363515e+22 1.3260771636242027e+42 5.962541294089037e+38 1.3254802761966772e+42
6.713729316831457e+22 1.3724925116300673e+42 5.084777943194937e+38 1.3719834575721983e+42
7.499978524438943e+22 1.4205515015355285e+42 4.328515294351254e+38 1.4201181576635352e+42
8.378305888208182e+22 1.4681921153000997e+42 3.684732128471355e+38 1.4678232323234672e+42
9.359494740904622e+22 1.51578132060961e+42 3.098612133404041e+38 1.515470969218072e+42
1.0455591258408421e+23 1.5649200409930512e+42 2.5421464459812396e+38 1.5646654228978953e+42
1.1680052352093255e+23 1.615665695511403e+42 2.0856139053826743e+38 1.6154568021025377e+42
1.3047910880977271e+23 1.6680543158973974e+42 1.7110679713995433e+38 1.6678829360010482e+42
1.4575960211977464e+23 1.718566560480753e+42 1.3516295558302506e+38 1.7184310542928316e+42
1.6282960394134544e+23 1.7691484638374185e+42 1.0414676094498618e+38 1.7690440518825653e+42
1.8189868478036042e+23 1.8212282082993704e+42 8.024793308599444e+37 1.8211477554966222e+42
2.0320095808095997e+23 1.8748476639682136e+42 6.139916769367197e+37 1.8747860709409646e+42
2.2699795446502424e+23 1.9296320221152875e+42 4.35401257265374e+37 1.9295882782993642e+42
2.5358183257568716e+23 1.9811755632345e+42 3.0270948005235333e+37 1.9811451520254093e+42
2.8327896594483305e+23 2.032782224320047e+42 2.1045651059687724e+37 2.0327610809407626e+42
3.164539499209657e+23 2.0857360921361134e+42 1.418165571255289e+37 2.0857217897250065e+42
3.535140778510303e+23 2.1400708267427703e+42 8.432925768127783e+36 2.140062314711563e+42
